0 0.23203125 0.9328125 0.28046875 0.13359375
0 0.615625 0.6375 0.13671875 0.1109375
0 0.17421875 0.68671875 0.14296875 0.10546875
0 0.9421875 0.66171875 0.09140625 0.08984375
0 0.425 0.58671875 0.06015625 0.0375
0 0.28671875 0.6125 0.0671875 0.0703125
0 0.371875 0.51875 0.0390625 0.034375
0 0.7421875 0.5515625 0.04296875 0.0390625
0 0.78671875 0.42109375 0.03828125 0.03359375
0 0.15234375 0.45859375 0.04375 0.03515625
0 0.02109375 0.5203125 0.0421875 0.05078125
0 0.53359375 0.96953125 0.06796875 0.06015625
0 0.5546875 0.59609375 0.07109375 0.04609375