0 0.14609375 0.8609375 0.2921875 0.19375
0 0.58203125 0.66015625 0.1578125 0.1390625
0 0.140625 0.60859375 0.1625 0.134375
0 0.89453125 0.75703125 0.109375 0.1078125
0 0.40703125 0.56796875 0.0671875 0.05
0 0.2671875 0.56171875 0.08125 0.084375
0 0.37109375 0.4890625 0.0453125 0.0421875
0 0.72421875 0.6046875 0.05 0.0484375
0 0.796875 0.4875 0.0453125 0.040625
0 0.1703125 0.38125 0.05 0.04375
0 0.02890625 0.41171875 0.053125 0.059375
0 0.42734375 0.9640625 0.0796875 0.071875
0 0.53203125 0.60625 0.0796875 0.0609375