0 0.2171875 0.9234375 0.284375 0.14375
0 0.6109375 0.64140625 0.140625 0.115625
0 0.16796875 0.675 0.146875 0.1109375
0 0.9359375 0.67734375 0.09375 0.09375
0 0.421875 0.584375 0.0609375 0.0390625
0 0.2828125 0.6046875 0.0703125 0.071875
0 0.37109375 0.5140625 0.040625 0.0359375
0 0.740625 0.56015625 0.04375 0.040625
0 0.7890625 0.43125 0.0390625 0.034375
0 0.15390625 0.446875 0.0453125 0.0359375
0 0.02109375 0.50390625 0.0421875 0.0515625
0 0.51640625 0.96953125 0.0703125 0.0609375
0 0.5515625 0.59765625 0.0734375 0.0484375