0 0.375 0.775 0.209375 0.1609375
0 0.559375 0.80703125 0.175 0.1125
0 0.053125 0.7984375 0.10625 0.103125
0 0.11484375 0.58671875 0.1140625 0.115625
0 0.63203125 0.64296875 0.096875 0.1046875
0 0.59375 0.5078125 0.0640625 0.0765625
0 0.62890625 0.57734375 0.0890625 0.05625
0 0.32265625 0.54140625 0.059375 0.0578125
0 0.23125 0.51875 0.0796875 0.0609375
0 0.17421875 0.4484375 0.0671875 0.0640625
0 0.1734375 0.33203125 0.0765625 0.05625
0 0.5125 0.58671875 0.0703125 0.0578125
0 0.8046875 0.54140625 0.0625 0.0453125