0 0.575 0.79296875 0.21875 0.1734375
0 0.38828125 0.7921875 0.18125 0.1234375
0 0.89765625 0.8734375 0.13125 0.1109375
0 0.8640625 0.65234375 0.121875 0.121875
0 0.3453125 0.61796875 0.103125 0.1109375
0 0.40625 0.49140625 0.06875 0.0796875
0 0.359375 0.55390625 0.0921875 0.0625
0 0.6671875 0.571875 0.0625 0.0625
0 0.7609375 0.56484375 0.084375 0.065625
0 0.8296875 0.50625 0.071875 0.06875
0 0.85078125 0.39140625 0.0796875 0.0609375
0 0.47265625 0.5828125 0.0734375 0.0625
0 0.19296875 0.48828125 0.065625 0.05