0 0.38984375 0.78125 0.2015625 0.15
0 0.575 0.80390625 0.1703125 0.103125
0 0.06015625 0.821875 0.11953125 0.09765625
0 0.1203125 0.60703125 0.10859375 0.11015625
0 0.6390625 0.6359375 0.09140625 0.10078125
0 0.59375 0.503125 0.0609375 0.0734375
0 0.6328125 0.5703125 0.0859375 0.05234375
0 0.325 0.55078125 0.05625 0.05546875
0 0.2328125 0.5328125 0.07734375 0.05625
0 0.171875 0.465625 0.06484375 0.0609375
0 0.16484375 0.34921875 0.0734375 0.053125
0 0.5171875 0.5859375 0.0671875 0.0546875
0 0.80625 0.52578125 0.0609375 0.0421875