0 0.1109375 0.89375 0.21328125 0.171875
0 0.79296875 0.94140625 0.2484375 0.1171875
0 0.3515625 0.9484375 0.1953125 0.103125
0 0.39921875 0.73984375 0.12265625 0.06640625
0 0.20078125 0.7546875 0.096875 0.08125
0 0.940625 0.75390625 0.1125 0.078125
0 0.5046875 0.9546875 0.1 0.08984375
0 0.653125 0.84375 0.06953125 0.0578125
0 0.959375 0.55703125 0.08125 0.0515625
0 0.01484375 0.6296875 0.0296875 0.03125
0 0.27890625 0.6875 0.0421875 0.0421875
0 0.22578125 0.61875 0.04453125 0.03515625
0 0.57890625 0.4625 0.04609375 0.0390625
0 0.68359375 0.6140625 0.05234375 0.03984375
0 0.71796875 0.75390625 0.06953125 0.04453125
0 0.5671875 0.7109375 0.04609375 0.04453125