0 0.92421875 0.7875 0.1515625 0.21875
0 0.321875 0.95625 0.26875 0.0875
0 0.75234375 0.89921875 0.2140625 0.146875
0 0.65546875 0.70859375 0.134375 0.09375
0 0.8515625 0.675 0.1140625 0.1015625
0 0.13359375 0.853125 0.128125 0.103125
0 0.60546875 0.9421875 0.11875 0.1109375
0 0.434375 0.8703125 0.08125 0.0734375
0 0.06796875 0.66640625 0.090625 0.0703125
0 0.9921875 0.5078125 0.015625 0.0375
0 0.76015625 0.628125 0.0515625 0.0515625
0 0.79453125 0.54921875 0.0515625 0.0453125
0 0.4140625 0.4828125 0.0546875 0.0484375
0 0.34921875 0.65546875 0.0609375 0.0515625
0 0.35 0.79921875 0.078125 0.059375
0 0.4859375 0.72109375 0.05625 0.0546875