0 0.853125 0.915625 0.228125 0.16875
0 0.16953125 0.9140625 0.2578125 0.1390625
0 0.6078125 0.94921875 0.203125 0.1015625
0 0.5796875 0.74765625 0.128125 0.0765625
0 0.77578125 0.7796875 0.103125 0.0890625
0 0.04921875 0.7140625 0.0984375 0.0875
0 0.45546875 0.9515625 0.1078125 0.096875
0 0.3171875 0.82890625 0.075 0.0640625
0 0.03984375 0.51640625 0.0796875 0.0578125
0 0.971875 0.67109375 0.0328125 0.034375
0 0.70390625 0.70625 0.0453125 0.0453125
0 0.7625 0.6421875 0.046875 0.0390625
0 0.425 0.45546875 0.05 0.0421875
0 0.30703125 0.59765625 0.05625 0.04375
0 0.2609375 0.73359375 0.0734375 0.05
0 0.41484375 0.70390625 0.05 0.0484375